19.206
12.913
4.709
4.723
6.556
58.414
5.837
25.020
5.111
7.895
7.199
4.613
4.605
9.218
8.356
7.548
4.927
5.520
5.226
123.976
9.046
4.612
6.928
5.446
41.045
107.898
7.143
4.678
5.083
5.281
5.345
35.179
13.461
35.720
44.366
30.174
5.299
151.414
9.753
6.803
7.795
4.951
9.808
64.711
7.347
5.392
5.702
6.983
6.212
9.174
27.790
4.795
66.733
53.782
6.642
4.699
11.933
4.606
16.453
7.981
4.606
4.644
6.978
4.620
4.919
4.668
190.600
9.856
8.332
18.488
5.978
23.256
6.298
37.005
4.641
9.242
9.978
7.849
3.290
9.405
8.045
6.411
128.553
17.262
5.367
6.066
5.265
4.635
7.116
7.944
181.252
4.872
97.783
4.669
4.740
8.632
6.254
7.331
5.143
105.455
100.110
8.083
8.430
41.194
7.341
5.678
8.859
14.587
17.835
6.487
6.020
8.206
9.029
4.382
5.638
4.610
4.942
6.006
4.620
8.555
8.734
5.933
6.741
50.471
7.322
54.474
7.444
5.519
14.038
4.769
5.278
16.644
4.654
69.469
5.868
7.427
5.499
67.009
9.695
18.274
9.577
7.720
9.442
4.864
59.861
60.239
4.713
4.612
6.480
8.161
7.922
8.372
4.698
5.074
33.586
4.657
7.346
4.790
5.050
6.084
7.031
16.141
5.200
7.843
5.815
4.962
16.078
85.836
9.080
7.401
6.918
5.205
7.763
6.730
4.612
16.355
8.366
6.471
7.874
7.951
45.538
4.958
6.261
4.694
4.620
57.603
8.122
21.000
6.331
4.625
4.689
5.313
35.943
5.298
6.277
7.481
4.727
4.841
6.760
25.568
8.507
4.618
4.645
66.065
9.743
33.363
6.370
5.741
6.419
12.803
9.655
15.373
27.791
5.054
5.830
5.376
5.716
8.504
6.137
188.722
4.990
26.255
5.734
4.794
9.144
16.155
8.313
8.762
44.623
4.635
69.831
49.373
9.202
9.323
6.979
5.806
5.870
9.718
4.688
5.036
5.547
23.004
7.426
4.655
6.942
5.654
4.613
8.505
4.892
96.434
9.508
7.216
9.550
5.247
8.891
273.304
66.930
9.270
23.932
55.282
20.449
5.279
5.789
4.640
7.568
61.824
6.621
5.334
4.696
5.320
8.911
9.484
133.829
7.426
58.610
66.734
4.624
4.951
5.987
5.497
49.820
53.903
129.283
9.310
6.458
4.875
48.320
9.917
7.079
5.238
15.542
14.110
4.757
8.129
4.895
5.791
23.228
29.795
4.961
5.813