2.999162151
58.38494352
1.919957994
5.972807979
3.072285369
32.03136238
4.361066624
17.14214972
5.295738748
5.361252187
0.899743938
0.155714467
63.10272856
25.2192953
3.215240081
11.67617423
13.70048444
9.447690133
48.10599811
6.138999912
5.718032438
9.941737044
9.556640693
14.82903448
2.786317114
5.213151515
6.156238157
3.581898518
3.549440048
7.955712607
12.27216736
42.21425488
18.18080441
5.739949664
5.759155688
30.63550167
8.429742709
11.75763602
7.265302296
5.166921638
4.726626374
5.470053641
5.007896551
3.047426006
0.462517654
149.0208917
23.12029423
3.451510725
1.507306304
17.47903813
1.084529071
14.10981859
0.737261506
3.467238475
18.51473147
6.784951515
85.91682101
148.2566009
9.766183772
6.453992674
14.81745495
0.111724794
150.9062022
5.782945793
2.508878463
1.808138313
4.976197566
21.46028216
5.101776549
0.360485369
31.49586439
25.00763303
18.21747813
22.12183814
39.27711177
7.330023478
5.61750318
2.105441881
12.4281731
3.804000072
76.15476469
25.64620208
11.02539813
7.449052608
140.2347954
11.81867106
12.8061494
0.966545005
4.338141571
8.984020619
11.08034249
2.249981421
7.225104304
10.6540398
16.10674261
13.9302256
18.03715552
9.286049015
113.8497562
21.03771834
4.370299825
3.698064125
12.18112095
25.67769366
26.89211815
17.14891315
11.52548234
0.114012191
20.4516103
14.72870408
1.955592684
19.05994413
0.62360526
0.177945678
10.74407834
39.32551678
9.131490719
1.451175103
95.10246707
8.462606798
38.78636923
1.136723785
58.01498089
26.03714644
3.784644047
21.55396119
24.85766254
1.354568639
25.77876609
3.903710251
5.92740173
4.898650078
4.793926368
6.194935002
4.76399412
6.187731208
7.643469816
6.52080011
1.031671223
23.25034555
5.359453649
3.445870249
45.05974891
8.591822057
4.068815761
10.22175859
12.24021559
33.26080787
17.85359366
1.450983213
8.232805481
0.47423202
8.582922384
7.666359874
13.54757692
3.92468371
3.444463469
43.72774813
6.229458048
3.731892431
35.38645829
30.28510361
2.548098494
4.277895671
52.52097204
6.039458219
2.233475229
2.200070726
64.24471061
18.00829378
2.310458711
2.198354831
78.84578111
21.55594684
21.52647837
11.8612591
89.18102562
2.97282708
13.11862274
0.391746867
98.29909442
4.483455017
2.400507893
2.0790368
0.046307835
17.25904057
0.300688013
20.17406237
23.6733756
17.19634296
24.66386555
5.772556682
4.690793506
2.742580425
2.008548358
6.466415991
4.511463006
88.26156616
27.09867642
2.100530026
7.579507913
6.466931525
11.71715766
110.2756733
13.97299555
2.812137246
6.748263329
9.655843218
5.311433579
0.156032496
3.039758986
6.02546063
38.4063468
20.61782174
8.96325945
3.556529465
77.22605531
8.720546772
0.60483632
87.70425841
11.6278644
1.599790807
17.06394172
117.3514865
35.66231283
9.300239072
4.594705175
4.445191087
17.75595632
9.294677036
12.71386495
12.89744638
2.133259828
23.15818032
18.9986004
5.522448693
2.575485039
7.625630572
9.51105553
97.46573522
0.233486043
34.73109872
12.88812583
4.176974998
0.987543748
13.49039839
2.915489111
2.616491904
12.03227226
0.828757487
21.04543745
2.818174133
14.86579856
4.284837801
7.465080965
58.26960503
10.75634252
19.03026296
8.10019971
4.757979492
6.332639086
0.576042882
4.029177621
19.64441098
6.126971193
10.0678435
175.2235532
20.0837733
37.94967423
4.100726272
0.636417462
0.770436805
9.07182895
1.055796999
4.029440737
8.563193504
2.171076054
54.35614076
0.977018632
7.53005617
44.19587308
7.996679957
1.959991865
0.98015508
8.274500468
293.0517076
12.03052327
134.6366058
5.931348069
6.37731882
4.349211978
0.918919923
27.6161148
29.61921474
1.373582248
15.75740412
9.323209868
88.59303032
23.06528089
5.117604532